0,543
348,3
348,2
0,542
348,1
348,0
347,3
347,2
347,1
347,0
346,3
346,2
346,1
346,0
345,3
345,2
345,1
345,0
344,3
344,2
344,1
344,0
343,3
343,2
343,1
343,0
342,3
342,2
342,1
342,0
341,3
341,2
341,1
341,0
340,3
340,2
340,1
340,0
339,3
339,2
339,1
339,0
338,3
338,2
338,1
338,0
337,3
337,2
337,1
337,0
336,3
336,2
336,1
336,0
335,3
335,2
335,1
335,0
0,541
334,3
334,2
334,1
334,0
333,3
333,2
333,1
333,0
0,540
332,3
332,2
332,1
332,0
331,3
331,2
331,1
331,0
330,3
330,2
330,1
330,0
329,3
329,2
329,1
329,0
0,539
328,3
328,2
328,1
328,0
327,3
327,2
327,1
327,0
326,3
326,2
326,1
326,0
325,3
325,2
325,1
325,0
324,3
324,2
324,1
324,0
321,35
323,3
323,2
323,1
323,0
322,3
322,2
322,1
322,0
0,538
0,537
0,278
0,9
0,536
0,474
3,2
10,312
10,66
10,264
10,178
10,284
10,110
10,236
10,166
10,2
10,3
11,24
11,8
11,9
11,20
11,29
11,18
9,7
9,2
8,17
8,13
8,2
